NAME; 48,28,10,50,41,32,26,25,14,4;
NAMES; 50,32;
NAMING; 50;
NAVIGATE; 46,40,15,48,28,26,11;
NAVIGATION; 10;
NEAR; 17;
NECESSARILY; 43;
NECESSARY; 11;
NEED; 48,26,29,25,10,6,5,54,46,39,12,8,7,4,43,41,11,50,45,44,40,34,32,28,27,22,18,15,14;
NEEDED; 46,44,18,40,32,27;
NEEDS; 50,48,43,37,5,2;
NET; 57,20,6;
NETWORK; 26;
NEW; 50,48,46,52,51,14,4,40,26,53,22,15,12,10,8;
NEXMO; 29,7;
NEXT; 50,48,31,24,21,15,56,52,37,32,25,10;
NIGHT; 37;
NIX; 11;
NO; 48,50,46,34,24;
NO-JS; 50;
NOFOLLOW; 52,50;
NON; 39,50,54,52,10;
NON-BUSINESS; 54;
NON-EXISTENT; 50;
NON-WORDPRESS; 39,10;
NORMAL; 12;
NOT; 50,48,12,54,14,11,10,55,52,45,43,40,37,36,5,4,3;
NOTE; 12,10,54,36,40,38,37,32,24,15,3;
NOTEPAD; 48,46,40;
NOTICE; 50,37,10;
NOTIFICATIONS; 48,50,12;
NOW; 50,14,31,24,21,10,52,37,36,32,17,11,48,46,40,18,15,12;
NUMBER; 26,50,25,48,36,29;
NUMBERS; 50,25;
